100	10	0.009887
200	10	0.011857
300	10	0.013888
400	10	0.014563
500	10	0.014671
600	10	0.014797
700	10	0.019474
800	10	0.019694
900	10	0.019669
1000	10	0.019668
1100	10	0.019701
1200	10	0.019682
1300	10	0.019727
1400	10	0.019694
1500	10	0.024658
1600	10	0.024714
1700	10	0.024735
1800	10	0.024725
1900	10	0.024679
2000	10	0.02466
2100	10	0.02468
2200	10	0.029659
2300	10	0.029752
2400	10	0.029618
2500	10	0.029751
2600	10	0.029712
2700	10	0.029733
2800	10	0.029868
2900	10	0.034681
3000	10	0.03462
3100	10	0.034686
3200	10	0.034703
3300	10	0.034723
3400	10	0.034637
3500	10	0.034652
3600	10	0.034694
3700	10	0.03987
3800	10	0.039733
3900	10	0.039661
4000	10	0.039565
4100	10	0.039641
4200	10	0.039652
4300	10	0.039907
4400	10	0.044685
4500	10	0.044633
4600	10	0.04466
4700	10	0.04464
4800	10	0.044672
4900	10	0.044843
5000	10	0.044574
5000	10	0.044671
6000	10	0.054697
7000	10	0.059826
8000	10	0.065615
9000	10	0.07467
10000	10	0.079727
11000	10	0.089856
12000	10	0.094821
13000	10	0.099702
14000	10	0.109856
15000	10	0.114761
16000	10	0.119736
17000	10	0.144519
18000	10	0.149438
19000	10	0.158913
20000	10	0.164358
21000	10	0.171986
22000	10	0.177268
23000	10	0.184676
24000	10	0.189524
25000	10	0.199254
26000	10	0.204419
27000	10	0.210778
28000	10	0.219431
29000	10	0.224679
30000	10	0.232097
31000	10	0.239563
32000	10	0.244641
33000	10	0.252553
34000	10	0.25963
35000	10	0.264442
36000	10	0.274551
37000	10	0.281566
38000	10	0.28453
39000	10	0.294714
40000	10	0.299585
41000	10	0.308828
42000	10	0.314499
43000	10	0.319448
44000	10	0.327355
45000	10	0.334479
46000	10	0.339778
47000	10	0.349505
48000	10	0.355451
49000	10	0.362005
50000	10	0.369503
100	50	0.043672
200	50	0.052928
300	50	0.062925
400	50	0.067978
500	50	0.0682
600	50	0.068127
700	50	0.092202
800	50	0.093199
900	50	0.093185
1000	50	0.093209
1100	50	0.093334
1200	50	0.093285
1300	50	0.093271
1400	50	0.093359
1500	50	0.118287
1600	50	0.118243
1700	50	0.118306
1800	50	0.118248
1900	50	0.1187
2000	50	0.118251
2100	50	0.118335
2200	50	0.143037
2300	50	0.14311
2400	50	0.143466
2500	50	0.143166
2600	50	0.143218
2700	50	0.143279
2800	50	0.143418
2900	50	0.16763
3000	50	0.168079
3100	50	0.168113
3200	50	0.168215
3300	50	0.168275
3400	50	0.168852
3500	50	0.168141
3600	50	0.168237
3700	50	0.192991
3800	50	0.192982
3900	50	0.19314
4000	50	0.192893
4100	50	0.193099
4200	50	0.193118
4300	50	0.193601
4400	50	0.218209
4500	50	0.218119
4600	50	0.218113
4700	50	0.218006
4800	50	0.21806
4900	50	0.218141
5000	50	0.218338
5000	50	0.218439
6000	50	0.268062
7000	50	0.293377
8000	50	0.318768
9000	50	0.368455
10000	50	0.393284
11000	50	0.44317
12000	50	0.468109
13000	50	0.502347
14000	50	0.54383
15000	50	0.568001
16000	50	0.594164
17000	50	0.71668
18000	50	0.740961
19000	50	0.778949
20000	50	0.816145
21000	50	0.845669
22000	50	0.879077
23000	50	0.916878
24000	50	0.940628
25000	50	0.990178
26000	50	1.01562
27000	50	1.05063
28000	50	1.09107
29000	50	1.11925
30000	50	1.15393
31000	50	1.19155
32000	50	1.21549
33000	50	1.25448
34000	50	1.29619
35000	50	1.3157
36000	50	1.37058
37000	50	1.39049
38000	50	1.41638
39000	50	1.46936
40000	50	1.49234
41000	50	1.52851
42000	50	1.56494
43000	50	1.59421
44000	50	1.62945
45000	50	1.66749
46000	50	1.69773
47000	50	1.74115
48000	50	1.7655
49000	50	1.80623
50000	50	1.84142
100	100	0.085732
200	100	0.104696
300	100	0.123733
400	100	0.134311
500	100	0.136
600	100	0.135209
700	100	0.183244
800	100	0.185129
900	100	0.185146
1000	100	0.18518
1100	100	0.185287
1200	100	0.185304
1300	100	0.185238
1400	100	0.185323
1500	100	0.235132
1600	100	0.235239
1700	100	0.23576
1800	100	0.235191
1900	100	0.235395
2000	100	0.235262
2100	100	0.235215
2200	100	0.28438
2300	100	0.284934
2400	100	0.28506
2500	100	0.284878
2600	100	0.285073
2700	100	0.285099
2800	100	0.285347
2900	100	0.334866
3000	100	0.332444
3100	100	0.334733
3200	100	0.335664
3300	100	0.334963
3400	100	0.335282
3500	100	0.335081
3600	100	0.334834
3700	100	0.384909
3800	100	0.384475
3900	100	0.384897
4000	100	0.384353
4100	100	0.385214
4200	100	0.3851
4300	100	0.385059
4400	100	0.434503
4500	100	0.433594
4600	100	0.435108
4700	100	0.435245
4800	100	0.435103
4900	100	0.434856
5000	100	0.435107
5000	100	0.43888
6000	100	0.534884
7000	100	0.584787
8000	100	0.636099
9000	100	0.735182
10000	100	0.784654
11000	100	0.885594
12000	100	0.93459
13000	100	0.984565
14000	100	1.08671
15000	100	1.13481
16000	100	1.18477
17000	100	1.4307
18000	100	1.48273
19000	100	1.55608
20000	100	1.63017
21000	100	1.68365
22000	100	1.77542
23000	100	1.82928
24000	100	1.87977
25000	100	1.97863
26000	100	2.02947
27000	100	2.09123
28000	100	2.18222
29000	100	2.23523
30000	100	2.30786
31000	100	2.38173
32000	100	2.43238
33000	100	2.50711
34000	100	2.58316
35000	100	2.62957
36000	100	2.73176
37000	100	2.78269
38000	100	2.83254
39000	100	2.93292
40000	100	2.97969
41000	100	3.06351
42000	100	3.12883
43000	100	3.18605
44000	100	3.26562
45000	100	3.32951
46000	100	3.38886
47000	100	3.48348
48000	100	3.52934
49000	100	3.59884
50000	100	3.68625
100	500	0.423132
200	500	0.516686
300	500	0.612463
400	500	0.66795
500	500	0.670906
600	500	0.670602
700	500	0.912997
800	500	0.916568
900	500	0.920531
1000	500	0.920322
1100	500	0.921386
1200	500	0.92166
1300	500	0.920837
1400	500	0.921006
1500	500	1.17058
1600	500	1.17037
1700	500	1.17008
1800	500	1.16983
1900	500	1.17082
2000	500	1.17353
2100	500	1.17104
2200	500	1.4178
2300	500	1.42021
2400	500	1.41896
2500	500	1.41867
2600	500	1.42065
2700	500	1.42287
2800	500	1.4278
2900	500	1.66741
3000	500	1.66918
3100	500	1.66912
3200	500	1.66875
3300	500	1.66927
3400	500	1.67025
3500	500	1.67246
3600	500	1.66878
3700	500	1.91879
3800	500	1.91832
3900	500	1.91889
4000	500	1.91689
4100	500	1.92007
4200	500	1.92268
4300	500	1.92088
4400	500	2.16863
4500	500	2.1685
4600	500	2.17141
4700	500	2.17151
4800	500	2.17751
4900	500	2.173
5000	500	2.17226
5000	500	2.18104
6000	500	2.66933
7000	500	2.91958
8000	500	3.1962
9000	500	3.67155
10000	500	3.92634
11000	500	4.42195
12000	500	4.67239
13000	500	4.93161
14000	500	5.42512
15000	500	5.66991
16000	500	5.93984
17000	500	7.15079
18000	500	7.39916
19000	500	7.72445
20000	500	8.14507
21000	500	8.40717
22000	500	8.82848
23000	500	9.14614
24000	500	9.40337
25000	500	9.89459
26000	500	10.1461
27000	500	10.4221
28000	500	10.9043
29000	500	11.1517
30000	500	11.5214
31000	500	11.9078
32000	500	12.1555
33000	500	12.5372
34000	500	12.9077
35000	500	13.1594
36000	500	13.6588
37000	500	13.9012
38000	500	14.152
39000	500	14.6554
40000	500	14.9105
41000	500	15.2804
42000	500	15.6588
43000	500	15.9029
44000	500	16.2866
45000	500	16.6536
46000	500	16.922
47000	500	17.4043
48000	500	17.6457
49000	500	17.9176
50000	500	18.4078
100	1000	0.839331
200	1000	1.03151
300	1000	1.22409
400	1000	1.33405
500	1000	1.34133
600	1000	1.34009
700	1000	1.82805
800	1000	1.83885
900	1000	1.83923
1000	1000	1.83722
1100	1000	1.84076
1200	1000	1.84301
1300	1000	1.84435
1400	1000	1.84089
1500	1000	2.3385
1600	1000	2.34088
1700	1000	2.34014
1800	1000	2.34046
1900	1000	2.34231
2000	1000	2.34336
2100	1000	2.37613
2200	1000	2.83477
2300	1000	2.83871
2400	1000	2.83783
2500	1000	2.8373
2600	1000	2.83975
2700	1000	2.84031
2800	1000	2.84619
2900	1000	3.33322
3000	1000	3.33468
3100	1000	3.33411
3200	1000	3.33464
3300	1000	3.33931
3400	1000	3.3391
3500	1000	3.33908
3600	1000	3.36569
3700	1000	3.83563
3800	1000	3.83438
3900	1000	3.83946
4000	1000	3.8337
4100	1000	3.84062
4200	1000	3.83907
4300	1000	3.86696
4400	1000	4.33697
4500	1000	4.336
4600	1000	4.33803
4700	1000	4.33817
4800	1000	4.34111
4900	1000	4.34011
5000	1000	4.3496
5000	1000	4.3657
6000	1000	5.33926
7000	1000	5.83843
8000	1000	6.36706
9000	1000	7.34687
10000	1000	7.84047
11000	1000	8.84746
12000	1000	9.33968
13000	1000	9.85704
14000	1000	10.8485
15000	1000	11.3365
16000	1000	11.8462
17000	1000	14.2981
18000	1000	14.7955
19000	1000	15.5235
20000	1000	16.2894
21000	1000	16.7985
22000	1000	17.6861
23000	1000	18.2893
24000	1000	18.7915
25000	1000	19.789
26000	1000	20.3033
27000	1000	20.8085
28000	1000	21.7985
29000	1000	22.2924
30000	1000	22.9823
31000	1000	23.8077
32000	1000	24.3068
33000	1000	25.0631
34000	1000	25.8136
35000	1000	26.3159
36000	1000	27.3116
37000	1000	27.7941
38000	1000	28.3263
39000	1000	29.305
40000	1000	29.7885
41000	1000	30.5646
42000	1000	31.2995
43000	1000	31.8189
44000	1000	32.5943
45000	1000	33.3036
46000	1000	33.801
47000	1000	34.8085
48000	1000	35.2802
49000	1000	35.9852
50000	1000	36.793
100	5000	4.19538
200	5000	5.14138
300	5000	6.10703
400	5000	6.66203
600	5000	6.69567
700	5000	9.12096
800	5000	9.18369
900	5000	9.18486
1000	5000	9.18258
1100	5000	9.19553
