100	50	0.000102
200	50	0.000107
300	50	0.000118
400	50	0.000131
500	50	0.000155
600	50	0.000141
700	50	0.000144
800	50	0.000154
900	50	0.000156
1000	50	0.000162
1100	50	0.000223
1200	50	0.000224
1300	50	0.000272
1400	50	0.00024
1500	50	0.000267
1600	50	0.000252
1700	50	0.000261
1800	50	0.000264
1900	50	0.000283
2000	50	0.00027
2100	50	0.000279
2200	50	0.000285
2300	50	0.000307
2400	50	0.000303
2500	50	0.000308
2600	50	0.000312
2700	50	0.000326
2800	50	0.000356
2900	50	0.000343
3000	50	0.00034
3100	50	0.000351
3200	50	0.000355
3300	50	0.000363
3400	50	0.000377
3500	50	0.000386
3600	50	0.000477
3700	50	0.000394
3800	50	0.000397
3900	50	0.000406
4000	50	0.000406
4100	50	0.000446
4200	50	0.000433
4300	50	0.000455
4400	50	0.000432
4500	50	0.000435
4600	50	0.000441
4700	50	0.000456
4800	50	0.00046
4900	50	0.000456
5000	50	0.000479
5100	50	0.000501
5200	50	0.000483
5300	50	0.000483
5400	50	0.000484
5500	50	0.000493
5600	50	0.000488
5700	50	0.0005
5800	50	0.000517
5900	50	0.000635
6000	50	0.000548
6100	50	0.000525
6200	50	0.000523
6300	50	0.000534
6400	50	0.000537
6500	50	0.000533
6600	50	0.000564
6700	50	0.000536
6800	50	0.000541
6900	50	0.000602
7000	50	0.000557
7100	50	0.000569
7200	50	0.000573
7300	50	0.000617
7400	50	0.000614
7500	50	0.0006
7600	50	0.000598
7700	50	0.000599
7800	50	0.000603
7900	50	0.000592
8000	50	0.000609
8100	50	0.000631
8200	50	0.000609
8300	50	0.000621
8400	50	0.000609
8500	50	0.000629
8600	50	0.000631
8700	50	0.000623
8800	50	0.00067
8900	50	0.000646
9000	50	0.000649
9100	50	0.000664
9200	50	0.000669
9300	50	0.000721
9400	50	0.00067
9500	50	0.00071
9600	50	0.000732
9700	50	0.000683
9800	50	0.000689
9900	50	0.00072
10000	50	0.000697
10100	50	0.000702
10200	50	0.000738
10300	50	0.000743
10400	50	0.000737
10500	50	0.000743
10600	50	0.000736
10700	50	0.000742
10800	50	0.000739
10900	50	0.000744
11000	50	0.000746
11100	50	0.000845
11200	50	0.000775
11300	50	0.000751
11400	50	0.000759
11500	50	0.000765
11600	50	0.000764
11700	50	0.000737
11800	50	0.000796
11900	50	0.00077
12000	50	0.000767
12100	50	0.000771
12200	50	0.000776
12300	50	0.000775
12400	50	0.000784
12500	50	0.000845
12600	50	0.000777
12700	50	0.000778
12800	50	0.000778
12900	50	0.000788
13000	50	0.000782
13100	50	0.000789
13200	50	0.000817
13300	50	0.000853
13400	50	0.000809
13500	50	0.000821
13600	50	0.000825
13700	50	0.000834
13800	50	0.000824
13900	50	0.000828
14000	50	0.000821
14100	50	0.000822
14200	50	0.000856
14300	50	0.000827
14400	50	0.000828
14500	50	0.000817
14600	50	0.000824
14700	50	0.000833
14800	50	0.00088
14900	50	0.000854
15000	50	0.000822
15100	50	0.000845
15200	50	0.000852
15300	50	0.00085
15400	50	0.000849
15500	50	0.000856
15600	50	0.000854
15700	50	0.000855
15800	50	0.00085
15900	50	0.000831
16000	50	0.00085
16100	50	0.000942
16200	50	0.00084
16300	50	0.000905
16400	50	0.000997
16500	50	0.000868
16600	50	0.000841
16700	50	0.000862
16800	50	0.000952
16900	50	0.00087
17000	50	0.000893
17100	50	0.001234
17200	50	0.000943
17300	50	0.0009
17400	50	0.000916
17500	50	0.000901
17600	50	0.000988
17700	50	0.000954
17800	50	0.000908
17900	50	0.00093
18000	50	0.000935
18100	50	0.000945
18200	50	0.000994
18300	50	0.001011
18400	50	0.00096
18500	50	0.000993
18600	50	0.001057
18700	50	0.000986
18800	50	0.000982
18900	50	0.000984
19000	50	0.000994
19100	50	0.001035
19200	50	0.000998
19300	50	0.000996
19400	50	0.001006
19500	50	0.000984
19600	50	0.001021
19700	50	0.000972
19800	50	0.001068
19900	50	0.001019
20000	50	0.00108
20100	50	0.000986
20200	50	0.001039
20300	50	0.001044
20400	50	0.001033
20500	50	0.001046
20600	50	0.001106
20700	50	0.001013
20800	50	0.001044
20900	50	0.001034
21000	50	0.001043
21100	50	0.00106
21200	50	0.001042
21300	50	0.002524
21400	50	0.001089
21500	50	0.001106
21600	50	0.001094
21700	50	0.001062
21800	50	0.001058
21900	50	0.00106
22000	50	0.001043
22100	50	0.001065
22200	50	0.001145
22300	50	0.001126
22400	50	0.001124
22500	50	0.001105
22600	50	0.001293
22700	50	0.001073
22800	50	0.001135
22900	50	0.001127
23000	50	0.001096
23100	50	0.001062
23200	50	0.0011
23300	50	0.001103
23400	50	0.001068
23500	50	0.001156
23600	50	0.00122
23700	50	0.001098
23800	50	0.001105
23900	50	0.001086
24000	50	0.001116
24100	50	0.001116
24200	50	0.001104
24300	50	0.001209
24400	50	0.001148
24500	50	0.001137
24600	50	0.001179
24700	50	0.001142
24800	50	0.001194
24900	50	0.001117
25000	50	0.001117
25100	50	0.001224
25200	50	0.001145
25300	50	0.001165
25400	50	0.001168
25500	50	0.001211
25600	50	0.001193
25700	50	0.001236
25800	50	0.00126
25900	50	0.001264
26000	50	0.001208
26100	50	0.001251
26200	50	0.001302
26300	50	0.00124
26400	50	0.001226
26500	50	0.001233
26600	50	0.001228
26700	50	0.001262
26800	50	0.001273
26900	50	0.001302
27000	50	0.001261
27100	50	0.001319
27200	50	0.001433
27300	50	0.001263
27400	50	0.001274
27500	50	0.001332
27600	50	0.00135
27700	50	0.002215
27800	50	0.001352
27900	50	0.001331
28000	50	0.001292
28100	50	0.001438
28200	50	0.002026
28300	50	0.001283
28400	50	0.001309
28500	50	0.001426
28600	50	0.001315
28700	50	0.001363
28800	50	0.001333
28900	50	0.001334
29000	50	0.00132
29100	50	0.001329
29200	50	0.001317
29300	50	0.001436
29400	50	0.001329
29500	50	0.001354
29600	50	0.001328
29700	50	0.001349
29800	50	0.001381
29900	50	0.001396
30000	50	0.001413
30100	50	0.001349
30200	50	0.001408
30300	50	0.001326
30400	50	0.001352
30500	50	0.001377
30600	50	0.00137
30700	50	0.001376
30800	50	0.001352
30900	50	0.001391
31000	50	0.001348
31100	50	0.001389
31200	50	0.001364
31300	50	0.001404
31400	50	0.001384
31500	50	0.00148
31600	50	0.001416
31700	50	0.001393
31800	50	0.005542
31900	50	0.001407
32000	50	0.001408
32100	50	0.0014
32200	50	0.001415
32300	50	0.001536
32400	50	0.001394
32500	50	0.001401
32600	50	0.001435
32700	50	0.001417
32800	50	0.001423
32900	50	0.00144
33000	50	0.001512
33100	50	0.001477
33200	50	0.001451
33300	50	0.001442
33400	50	0.001469
33500	50	0.001455
33600	50	0.001467
33700	50	0.001491
33800	50	0.001476
33900	50	0.00148
34000	50	0.001705
34100	50	0.001522
34200	50	0.00146
34300	50	0.001555
34400	50	0.001553
34500	50	0.0015
34600	50	0.002388
34700	50	0.001497
34800	50	0.001523
34900	50	0.001562
35000	50	0.001474
35100	50	0.001525
35200	50	0.001607
35300	50	0.001547
35400	50	0.00153
35500	50	0.001744
35600	50	0.00158
35700	50	0.001582
35800	50	0.001578
35900	50	0.00162
36000	50	0.001558
36100	50	0.00164
36200	50	0.001583
36300	50	0.001559
36400	50	0.001558
36500	50	0.001555
36600	50	0.001611
36700	50	0.001774
36800	50	0.001593
36900	50	0.001586
37000	50	0.001671
37100	50	0.001594
37200	50	0.001589
37300	50	0.001633
37400	50	0.001697
37500	50	0.001605
37600	50	0.001595
37700	50	0.001654
37800	50	0.001622
37900	50	0.001612
38000	50	0.00166
38100	50	0.001819
38200	50	0.001635
38300	50	0.001649
38400	50	0.0016
38500	50	0.001621
38600	50	0.001688
38700	50	0.001585
38800	50	0.001616
38900	50	0.002186
39000	50	0.001679
39100	50	0.001631
39200	50	0.001637
39300	50	0.00164
39400	50	0.001884
39500	50	0.001651
39600	50	0.001652
39700	50	0.001659
39800	50	0.001722
39900	50	0.001784
40000	50	0.001691
40100	50	0.002825
40200	50	0.00168
40300	50	0.001625
40400	50	0.001676
40500	50	0.001693
40600	50	0.001686
40700	50	0.001748
40800	50	0.001694
40900	50	0.00167
41000	50	0.001722
41100	50	0.001639
41200	50	0.001707
41300	50	0.001702
41400	50	0.001752
41500	50	0.001678
41600	50	0.001827
41700	50	0.001712
41800	50	0.001764
41900	50	0.00174
42000	50	0.00174
42100	50	0.001698
42200	50	0.001823
42300	50	0.001783
42400	50	0.001765
42500	50	0.001748
42600	50	0.001801
42700	50	0.001757
42800	50	0.001738
42900	50	0.001746
43000	50	0.001791
43100	50	0.001879
43200	50	0.001788
43300	50	0.001787
43400	50	0.001798
43500	50	0.001797
43600	50	0.001809
43700	50	0.001817
43800	50	0.002041
43900	50	0.001823
44000	50	0.001842
44100	50	0.001853
44200	50	0.001816
44300	50	0.00182
44400	50	0.001827
44500	50	0.001822
44600	50	0.002072
44700	50	0.001833
44800	50	0.001854
44900	50	0.001839
45000	50	0.001893
45100	50	0.001866
45200	50	0.001864
45300	50	0.001991
45400	50	0.001889
45500	50	0.00186
45600	50	0.001938
45700	50	0.001868
45800	50	0.001865
45900	50	0.001889
46000	50	0.002099
46100	50	0.001888
46200	50	0.001894
46300	50	0.001861
46400	50	0.001855
46500	50	0.00191
46600	50	0.001883
46700	50	0.001903
46800	50	0.001983
46900	50	0.001924
47000	50	0.001889
47100	50	0.001932
47200	50	0.001895
47300	50	0.001856
47400	50	0.001904
47500	50	0.001917
47600	50	0.001979
47700	50	0.002011
47800	50	0.001929
47900	50	0.001991
48000	50	0.002001
48100	50	0.001946
48200	50	0.001978
48300	50	0.002222
48400	50	0.001984
48500	50	0.001951
48600	50	0.002059
48700	50	0.002015
48800	50	0.001953
48900	50	0.001909
49000	50	0.00196
49100	50	0.001965
49200	50	0.001973
49300	50	0.003193
49400	50	0.001971
49500	50	0.001964
49600	50	0.002014
49700	50	0.002029
49800	50	0.002115
49900	50	0.002018
50000	50	0.002004
