100 10 0.003266
200 10 0.003229
300 10 0.004218
400 10 0.000168
500 10 0.003208
600 10 0.000172
700 10 0.003153
800 10 0.000171
900 10 0.000173
1000 10 0.000178
1100 10 0.003861
1200 10 0.004315
1300 10 0.001979
1400 10 0.000285
1500 10 0.001579
1600 10 0.004132
1700 10 0.002281
1800 10 0.000477
1900 10 0.003368
2000 10 0.000319
2100 10 0.000337
2200 10 0.003433
2300 10 0.003394
2400 10 0.000367
2500 10 0.000376
2600 10 0.000372
2700 10 0.004815
2800 10 0.004328
2900 10 0.003399
3000 10 0.0004
3100 10 0.003509
3200 10 0.000409
3300 10 0.00041
3400 10 0.000417
3500 10 0.003655
3600 10 0.000413
3700 10 0.000524
3800 10 0.000429
3900 10 0.00365
4000 10 0.000445
4100 10 0.003437
4200 10 0.012653
4300 10 0.0035
4400 10 0.000465
4500 10 0.000464
4600 10 0.004194
4700 10 0.003585
4800 10 0.000488
4900 10 0.004091
5000 10 0.001132
5000 10 0.001141
5500 10 0.012773
6000 10 0.003637
6500 10 0.000569
7000 10 0.000577
7500 10 0.002132
8000 10 0.000678
8500 10 0.000645
9000 10 0.003687
9500 10 0.00685
10000 10 0.000702
10500 10 0.00076
11000 10 0.000792
11500 10 0.003859
12000 10 0.000797
12500 10 0.002035
13000 10 0.000819
13500 10 0.003855
14000 10 0.000853
14500 10 0.004347
15000 10 0.000883
15500 10 0.000871
16000 10 0.000874
16500 10 0.003947
17000 10 0.000912
17500 10 0.004044
18000 10 0.004318
18500 10 0.001012
19000 10 0.001014
19500 10 0.004116
20000 10 0.003552
20500 10 0.001055
21000 10 0.001112
21500 10 0.00112
22000 10 0.0011
22500 10 0.00111
23000 10 0.001136
23500 10 0.001139
24000 10 0.002807
24500 10 0.001161
25000 10 0.001186
25500 10 0.003346
26000 10 0.002575
26500 10 0.004314
27000 10 0.001294
27500 10 0.001305
28000 10 0.00132
28500 10 0.00535
29000 10 0.001369
29500 10 0.001354
30000 10 0.001358
30500 10 0.007509
31000 10 0.005357
31500 10 0.001404
32000 10 0.001406
32500 10 0.004545
33000 10 0.004588
33500 10 0.001542
34000 10 0.004556
34500 10 0.001508
35000 10 0.001521
35500 10 0.007625
36000 10 0.003415
36500 10 0.001563
37000 10 0.005213
37500 10 0.001632
38000 10 0.005316
38500 10 0.001643
39000 10 0.005912
39500 10 0.00166
40000 10 0.001702
40500 10 0.001679
41000 10 0.003339
41500 10 0.001717
42000 10 0.00175
42500 10 0.004788
43000 10 0.005333
43500 10 0.001796
44000 10 0.00181
44500 10 0.004826
45000 10 0.001829
45500 10 0.005987
46000 10 0.008297
46500 10 0.005246
47000 10 0.003796
47500 10 0.001911
48000 10 0.001937
48500 10 0.002081
49000 10 0.006442
49500 10 0.00596
50000 10 0.004176
100 50 0.000245
200 50 0.000274
300 50 0.010092
400 50 0.003785
500 50 0.00033
600 50 0.000839
700 50 0.000421
800 50 0.004776
900 50 0.003446
1000 50 0.001491
1100 50 0.000562
1200 50 0.000593
1300 50 0.000619
1400 50 0.004445
1500 50 0.003023
1600 50 0.000677
1700 50 0.004502
1800 50 0.000873
1900 50 0.004942
2000 50 0.001839
2100 50 0.002178
2200 50 0.0008
2300 50 0.000811
2400 50 0.00082
2500 50 0.006564
2600 50 0.003874
2700 50 0.000863
2800 50 0.000878
2900 50 0.000897
3000 50 0.004022
3100 50 0.000921
3200 50 0.000976
3300 50 0.000953
3400 50 0.000973
3500 50 0.000989
3600 50 0.006582
3700 50 0.001003
3800 50 0.001042
3900 50 0.00104
4000 50 0.004153
4100 50 0.010573
4200 50 0.00127
4300 50 0.00529
4400 50 0.001134
4500 50 0.001722
4600 50 0.002925
4700 50 0.008119
4800 50 0.004018
4900 50 0.003792
5000 50 0.001199
5000 50 0.004187
5500 50 0.001272
6000 50 0.001305
6500 50 0.003757
7000 50 0.003139
7500 50 0.00148
8000 50 0.004576
8500 50 0.005229
9000 50 0.004663
9500 50 0.002403
10000 50 0.001779
10500 50 0.004843
11000 50 0.005437
11500 50 0.014131
12000 50 0.001896
12500 50 0.001974
13000 50 0.004981
13500 50 0.008299
14000 50 0.002013
14500 50 0.006257
15000 50 0.002087
15500 50 0.006413
16000 50 0.011757
16500 50 0.002148
17000 50 0.002177
17500 50 0.00225
18000 50 0.005229
18500 50 0.002396
19000 50 0.002434
19500 50 0.002628
20000 50 0.002493
20500 50 0.002509
21000 50 0.005583
21500 50 0.002589
22000 50 0.005634
22500 50 0.004856
23000 50 0.002726
23500 50 0.002716
24000 50 0.005544
24500 50 0.002741
25000 50 0.005846
25500 50 0.002839
26000 50 0.002912
26500 50 0.003018
27000 50 0.003078
27500 50 0.003069
28000 50 0.00313
28500 50 0.003777
29000 50 0.003169
29500 50 0.00631
30000 50 0.003317
30500 50 0.003277
31000 50 0.003333
31500 50 0.003356
32000 50 0.003394
32500 50 0.003489
33000 50 0.00363
33500 50 0.003553
34000 50 0.006634
34500 50 0.004625
35000 50 0.003687
35500 50 0.003719
36000 50 0.003747
36500 50 0.006786
37000 50 0.003797
37500 50 0.003873
38000 50 0.00391
38500 50 0.007772
39000 50 0.003955
39500 50 0.007028
40000 50 0.00403
40500 50 0.004093
41000 50 0.004124
41500 50 0.004151
42000 50 0.008534
42500 50 0.004334
43000 50 0.0088
43500 50 0.004332
44000 50 0.004399
44500 50 0.004455
45000 50 0.006725
45500 50 0.012093
46000 50 0.004578
46500 50 0.008667
47000 50 0.004655
47500 50 0.004654
48000 50 0.004796
48500 50 0.004715
49000 50 0.004775
49500 50 0.007062
50000 50 0.01506
100 100 0.004274
200 100 0.000376
300 100 0.004872
400 100 0.003051
500 100 0.003085
600 100 0.00053
700 100 0.005015
800 100 0.004413
900 100 0.000621
1000 100 0.00736
1100 100 0.000917
1200 100 0.000961
1300 100 0.0011
1400 100 0.004083
1500 100 0.001057
1600 100 0.004136
1700 100 0.004529
1800 100 0.004632
1900 100 0.002024
2000 100 0.001213
2100 100 0.001288
2200 100 0.003908
2300 100 0.001335
2400 100 0.001439
2500 100 0.004498
2600 100 0.001419
2700 100 0.00145
2800 100 0.003426
2900 100 0.001505
3000 100 0.004575
3100 100 0.00291
3200 100 0.001592
3300 100 0.013799
3400 100 0.001627
3500 100 0.004695
3600 100 0.001924
3700 100 0.001836
3800 100 0.00177
3900 100 0.001776
4000 100 0.001845
4100 100 0.001944
4200 100 0.005446
4300 100 0.002161
4400 100 0.00312
4500 100 0.013234
4600 100 0.001977
4700 100 0.002052
4800 100 0.002089
4900 100 0.002096
5000 100 0.00508
5000 100 0.002124
5500 100 0.002183
6000 100 0.002276
6500 100 0.00664
7000 100 0.00245
7500 100 0.002545
8000 100 0.00308
8500 100 0.005838
9000 100 0.002812
9500 100 0.003007
10000 100 0.00303
10500 100 0.005119
11000 100 0.014945
11500 100 0.007451
12000 100 0.006287
12500 100 0.006376
13000 100 0.003391
13500 100 0.003444
14000 100 0.0035
14500 100 0.004611
15000 100 0.003558
15500 100 0.003627
16000 100 0.003642
16500 100 0.003727
17000 100 0.007337
17500 100 0.003896
18000 100 0.003997
18500 100 0.004155
19000 100 0.007411
19500 100 0.007439
20000 100 0.004235
20500 100 0.007315
21000 100 0.0081
21500 100 0.007478
22000 100 0.004509
22500 100 0.004567
23000 100 0.004557
23500 100 0.007811
24000 100 0.006931
24500 100 0.004749
25000 100 0.008062
25500 100 0.004898
26000 100 0.005119
26500 100 0.005083
27000 100 0.005376
27500 100 0.005284
28000 100 0.008349
28500 100 0.005518
29000 100 0.007791
29500 100 0.005479
30000 100 0.005554
30500 100 0.010058
31000 100 0.010085
31500 100 0.008052
32000 100 0.00887
32500 100 0.005887
33000 100 0.006591
33500 100 0.009101
34000 100 0.011531
34500 100 0.006463
35000 100 0.006308
35500 100 0.009593
36000 100 0.006564
36500 100 0.010084
37000 100 0.006571
37500 100 0.008007
38000 100 0.007486
38500 100 0.009792
39000 100 0.011538
39500 100 0.014951
40000 100 0.006958
40500 100 0.007082
41000 100 0.00988
41500 100 0.007223
42000 100 0.01136
42500 100 0.007392
43000 100 0.007467
43500 100 0.007569
44000 100 0.007724
44500 100 0.007702
45000 100 0.007688
45500 100 0.011385
46000 100 0.00785
46500 100 0.008093
47000 100 0.008008
47500 100 0.012464
48000 100 0.008127
48500 100 0.00816
49000 100 0.008235
49500 100 0.008307
50000 100 0.00844
100 500 0.001088
200 500 0.001278
300 500 0.004009
400 500 0.002688
500 500 0.001888
600 500 0.002025
700 500 0.002138
800 500 0.002261
900 500 0.002451
1000 500 0.004743
1100 500 0.00802
1200 500 0.005251
1300 500 0.004288
1400 500 0.014906
1500 500 0.005674
1600 500 0.0086
1700 500 0.004783
1800 500 0.005057
1900 500 0.004951
2000 500 0.008255
2100 500 0.006046
2200 500 0.005531
2300 500 0.005709
2400 500 0.00582
2500 500 0.005964
2600 500 0.009175
2700 500 0.006142
2800 500 0.00979
2900 500 0.00641
3000 500 0.006539
3100 500 0.006698
3200 500 0.006819
3300 500 0.008781
3400 500 0.007066
3500 500 0.007293
3600 500 0.007339
3700 500 0.007472
3800 500 0.007591
3900 500 0.010704
4000 500 0.008868
4100 500 0.010048
4200 500 0.011481
4300 500 0.00953
4400 500 0.008393
4500 500 0.011371
4600 500 0.011608
4700 500 0.01179
4800 500 0.009196
4900 500 0.01191
5000 500 0.012598
5000 500 0.012761
5500 500 0.013042
6000 500 0.012281
6500 500 0.010678
7000 500 0.013741
7500 500 0.011972
8000 500 0.011541
8500 500 0.012157
9000 500 0.012345
9500 500 0.013667
10000 500 0.01326
10500 500 0.013559
11000 500 0.01783
11500 500 0.014076
12000 500 0.014254
12500 500 0.014581
13000 500 0.014584
13500 500 0.018093
14000 500 0.015004
14500 500 0.018451
15000 500 0.018567
15500 500 0.0207
16000 500 0.015834
16500 500 0.017906
17000 500 0.016446
17500 500 0.017033
18000 500 0.017411
18500 500 0.018729
19000 500 0.020839
19500 500 0.01807
20000 500 0.018346
20500 500 0.021943
21000 500 0.046331
21500 500 0.019409
22000 500 0.019406
22500 500 0.022537
23000 500 0.023039
23500 500 0.020037
24000 500 0.020634
24500 500 0.020528
25000 500 0.022066
25500 500 0.021348
26000 500 0.021934
26500 500 0.02458
27000 500 0.023769
27500 500 0.022638
28000 500 0.026743
28500 500 0.026259
29000 500 0.025974
29500 500 0.027133
30000 500 0.027209
30500 500 0.026453
31000 500 0.02486
31500 500 0.028187
32000 500 0.025815
32500 500 0.025485
33000 500 0.028937
33500 500 0.029229
34000 500 0.027067
34500 500 0.026881
35000 500 0.030712
35500 500 0.031222
36000 500 0.027943
36500 500 0.037719
37000 500 0.05132
37500 500 0.028742
38000 500 0.032655
38500 500 0.029446
39000 500 0.033949
39500 500 0.033164
40000 500 0.030149
40500 500 0.032949
41000 500 0.037085
41500 500 0.034516
42000 500 0.034445
42500 500 0.035356
43000 500 0.032996
43500 500 0.033465
44000 500 0.033305
44500 500 0.033645
45000 500 0.034145
45500 500 0.036996
46000 500 0.034364
46500 500 0.034613
47000 500 0.034937
47500 500 0.039557
48000 500 0.039467
48500 500 0.036532
49000 500 0.035973
49500 500 0.036408
50000 500 0.040143
