200 10 0.027583
400 10 0.033906
600 10 0.033627
800 10 0.043202
1000 10 0.043606
1200 10 0.043409
1400 10 0.043145
1600 10 0.052979
1800 10 0.053404
2000 10 0.053599
2200 10 0.063179
2400 10 0.062798
2600 10 0.062867
2800 10 0.062951
3000 10 0.072568
3200 10 0.073035
3400 10 0.072843
3600 10 0.072917
3800 10 0.082546
4000 10 0.082441
4200 10 0.082228
4400 10 0.092391
4600 10 0.092467
4800 10 0.092274
5000 10 0.091785
5000 10 0.09192
10000 10 0.160177
15000 10 0.228895
20000 10 0.326049
25000 10 0.39392
30000 10 0.455438
35000 10 0.521262
40000 10 0.589297
45000 10 0.657453
50000 10 0.724086
200 50 0.110505
400 50 0.141508
600 50 0.141142
800 50 0.190848
1000 50 0.191033
1200 50 0.190828
1400 50 0.191404
1600 50 0.240855
1800 50 0.24093
2000 50 0.240431
2200 50 0.290698
2400 50 0.29107
2600 50 0.290685
2800 50 0.290584
3000 50 0.340314
3200 50 0.340386
3400 50 0.34068
3600 50 0.341603
3800 50 0.389619
4000 50 0.389567
4200 50 0.389726
4400 50 0.439611
4600 50 0.439805
4800 50 0.439588
5000 50 0.439617
5000 50 0.439744
10000 50 0.78744
15000 50 1.13442
20000 50 1.62889
25000 50 1.9769
30000 50 2.29124
35000 50 2.62518
40000 50 2.97312
45000 50 3.32015
50000 50 3.662
200 100 0.213846
400 100 0.275682
600 100 0.27564
800 100 0.375107
1000 100 0.37518
1200 100 0.375038
1400 100 0.376046
1600 100 0.475364
1800 100 0.474127
2000 100 0.474932
2200 100 0.574727
2400 100 0.575192
2600 100 0.576078
2800 100 0.576688
3000 100 0.674098
3200 100 0.67481
3400 100 0.674141
3600 100 0.674939
3800 100 0.773491
4000 100 0.773726
4200 100 0.773715
4400 100 0.872672
4600 100 0.87327
4800 100 0.873147
5000 100 0.873897
5000 100 0.874473
10000 100 1.57037
15000 100 2.26665
20000 100 3.25649
25000 100 3.95404
30000 100 4.59419
35000 100 5.25208
40000 100 5.94964
45000 100 6.64372
50000 100 7.33459
200 500 1.04124
400 500 1.35046
600 500 1.35227
800 500 1.84725
1000 500 1.84748
1200 500 1.8484
1400 500 1.85405
1600 500 2.3472
1800 500 2.3487
2000 500 2.34754
2200 500 2.84627
2400 500 2.84741
2600 500 2.85144
2800 500 2.8552
3000 500 3.34649
3200 500 3.34864
3400 500 3.34668
3600 500 3.35557
3800 500 3.84333
4000 500 3.84395
4200 500 3.84404
4400 500 4.34176
4600 500 4.34178
4800 500 4.34116
5000 500 4.34939
5000 500 4.34863
10000 500 7.83573
15000 500 11.325
20000 500 16.2788
25000 500 19.7563
30000 500 23.0465
35000 500 26.2823
40000 500 29.7722
45000 500 33.2652
50000 500 36.7345
200 1000 2.07727
400 1000 2.69404
600 1000 2.69607
800 1000 3.68959
1000 1000 3.68985
1200 1000 3.69298
1400 1000 3.69813
1600 1000 4.69022
1800 1000 4.69122
2000 1000 4.68899
2200 1000 5.68898
2400 1000 5.69288
2600 1000 5.69981
2800 1000 5.70703
3000 1000 6.69227
3200 1000 6.69337
3400 1000 6.6994
3600 1000 6.70586
3800 1000 7.68529
4000 1000 7.68463
4200 1000 7.68632
4400 1000 8.67708
4600 1000 8.68567
4800 1000 8.68686
5000 1000 8.69986
5000 1000 8.69584
10000 1000 15.6843
15000 1000 22.7022
20000 1000 32.6011
25000 1000 39.5774
30000 1000 46.0218
35000 1000 52.5747
